function XYZ=spacecraftPoints
% define points on the spacecraft in local NED
% coordinates
 XYZ = [...
     1  1   0;
     1  -1  0;
     -1 -1  0;
     -1 1   0
     1 1 0;
     1 1 -2;
     1 -1 -2;
     1 -1 0;
     1 -1 -2;
     -1 -1 -2;
     -1 -1 0;
     -1 -1 -2;
     -1 1 -2;
     -1 1 0;
     -1 1 -2;
     1 1 -2;
     1 1 0;
     1.5 1.5 0;
     1.5 -1.5 0;
     1 -1 0;
     1.5 -1.5 0;
     -1.5 -1.5 0;
     -1 -1 0;
     -1.5 -1.5 0;
     -1.5 1.5 0;
     -1 1 0;
     -1.5 1.5 0;
     1.5 1.5 0;
     ]';
     
     
     